0
201.027
0
0
0
239.486
255
255
0
255
255
255
255
255
255
255
255
255
255
255
255
255
255
255
0
0
0
255
255
255
255
255
255
255
255
255
255
255
255
255
255
255
255
255
255
255
255
255
220.935
255
255
213.096
255
255
255
122.773
255
0
255
255
255
0
0
0
83.6991
58.5013
0
0
15.9886
5.6062
0
23.2572
66.5069
242.46
0
255
255
0
205.63
0
33.5341
238.736
255
255
255
255
246.987
173.198
133.276
138.6
149.48
163.922
176.638
130.064
128.004
128.503
0
255
234.036
255
254.446
255
197.605
255
0
125.998
223.769
0
19.2164
255
255
255
255
255
255
255
255
255
255
255
25.4512
255
255
0
255
255
0
0
0
255
86.0918
0
0
0
0
0
0
0
0
0
0
0
0
0
255
0
168.572
75.5041
155.078
0
29.4791
0
0
255
0
0
255
255
255
255
255
255
255
255
255
255
255
255
0
231.287
255
0
253.453
255
49.0779
0
0
255
0
0
0
87.6053
122.233
122.343
119.187
111.845
107.51
88.6774
63.5223
79.0353
123.27
119.113
0
252.875
0
255
95.112
156.261
150.636
255
97.4954
255
0
255
175.969
122.179
127.109
127.188
126.915
126.346
126.608
125.822
126.919
127.403
127.31
127.14
0
255
159.497
255
255
255
0
0
0
255
255
0
0
255
255
255
255
255
255
255
255
255
255
255
0
0
0
0
0
222.027
255
255
255
255
0
0
89.4963
255
255
255
255
255
255
255
255
255
255
255
0
0
255
0
255
0
0
0.366354
0
0
0
255
0
0
0
0
0
0
0
0
0
0
0
0
255
0
0
0
0
0
0
0
0
0
0
255
0
255
255
255
255
255
255
255
255
255
255
255
207.689
255
224.818
215.046
242.076
199.72
74.6361
255
221.962
255
87.4543
0
168.066
255
255
255
255
202.221
133.665
128.432
129.364
128.685
129.091
128.293
161.561
0
255
208.624
255
255
255
0
255
141.775
255
255
255
195.592
133.73
134.073
128.565
129.339
127.947
128.064
128.452
129.251
127.558
127.594
0
0
0
0
0
0
255
0
0
0
0
0
0
0
0
0
0
0
0
0
0
0
0
0
0
100.899
0
0
0
58.7295
0
0
0
0
255
0
255
0
0
0
0
0
0
0
0
0
0
0
0
191.598
55.0793
0
0
0
255
0
0
0
0
255
0
0
0
57.6928
109.998
117.511
122.178
120.628
114.098
102.575
119.386
111.836
189.567
0
97.2957
0
255
0
130.936
255
0
88.7736
130.29
255
0
0
0
0
0
0
0
0
0
0
0
0
255
123.363
0
0
255
255
0
191.945
0
0
219.937
255
255
30.4559
20.6125
54.7117
0
81.7101
106.83
95.2992
65.1534
123.792
124.323
122.537
255
0
24.7404
14.4242
255
255
255
255
0
234.581
255
0
255
0
0
0
0
0
0
0
0
0
89.0471
52.4397
177.019
0
221.436
255
0
0
0
38.4819
0
255
255
0
255
255
255
255
255
255
255
255
255
255
255
255
224.607
134.154
255
66.7519
255
0
255
15.2257
255
255
250.149
255
255
255
255
255
255
255
255
255
255
255
255
255
0
0
255
255
255
255
0
255
11.0291
255
105.379
0
0
0
0
0
0
0
0
0
0
0
0
0
0
255
64.2611
255
255
212.204
0
94.4782
0
0
197.093
62.4572
0
255
255
255
255
255
255
255
255
255
255
255
255
99.7215
0
0
0
0
114.637
0
255
55.3515
34.4334
0
255
0
0
0
0
0
0
0
0
0
0
0
255
0
119.707
255
156.772
245.473
255
255
164.807
255
255
255
255
0
0
0
0
0
0
0
0
0
0
0
255
0
206.958
62.6592
0
0
0
255
255
255
255
137.997
0
0
0
0
0
0
0
4.12552
126.898
127.274
127.137
127.314
118.499
0
23.4613
78.1051
0
255
0
255
255
147.904
255
255
199.088
255
255
255
255
255
235.081
255
255
226.098
255
255
255
255
167.168
255
207.511
0
255
255
255
255
255
0
255
255
255
255
255
255
255
255
255
255
255
255
0
255
0
0
0
0
0
0
0
0
0
0
0
0
0
0
0
0
0
0
0
0
0
0
0
0
0
0
0
16.9586
255
0
0
0
0
0
0
0
0
0
0
0
0
0
0
0
0
0
255
255
0
255
255
255
255
255
255
255
255
227.907
255
255
255
255
255
255
255
255
255
255
255
255
255
255
255
124.997
141.532
0
192.714
255
0
30.5122
255
0
255
255
255
255
255
255
255
255
255
255
255
255
0
26.9425
0
37.7617
0
0.0703874
0
0
0
21.4269
4.96392
255
221.979
0
0
0
0
12.61
0
0
0
0
0
0
0
0
0
68.3454
255
0
0
255
0
0
8.93432
0
0
0
0
0
0
0
0
0
0
0
0
0
0
196.251
174.763
255
255
255
255
255
255
255
255
255
255
255
255
255
255
255
255
255
255
255
255
255
0
94.0677
0
0
0
0
0
0
0
0
0
0
0
0
0
0
0
0
0
0
0
0
0
0
137.19
0
0
0
10.0684
255
0
165.254
0
255
167.857
255
0
255
255
255
255
255
221.337
222.307
255
255
176.482
222.199
0
196.806
255
210.816
255
0
255
255
255
255
17.7402
0
255
0
0
0
0
0
0
39.0615
28.1021
115.337
126.393
126.799
0
0
52.815
255
107.689
249.459
0
0
0
0
0
0
0
0
0
0
0
12.6603
71.9249
49.9433
27.8543
0
0
0
255
0
0
0
0
0
255
0
179.931
0
255
255
0
255
255
255
245.585
255
255
250.822
255
247.766
193.42
139.141
0
255
0
255
0
0
0
0
0
78.6929
230.789
255
8.235
61.0388
1.82725
77.0747
96.3262
105.525
96.8142
86.297
54.3123
27.0749
0
67.9594
255
0
33.8827
255
0
90.3798
0
0
0
58.3883
28.2085
0
255
255
255
255
255
255
255
255
246.576
150.567
145.361
154.594
0
255
0
138.207
0
255
86.2143
0
0
0
255
255
255
101.694
115.391
126.666
126.342
126.037
124.843
126.966
126.55
126.918
126.878
126.763
59.3847
255
0
0
255
169.114
124.981
255
110.909
0
228.994
0
59.9704
213.834
131.057
129.941
130.887
134.137
135.376
135.686
128.192
128.643
127.556
127.54
0
255
255
64.9764
0
255
255
131.904
255
255
0
0
201.126
0
0
0
0
0
0
0
0
0
0
0
255
209.294
0
0
0
103.482
0
255
255
0
0
0
0
241.128
170.438
175.62
220.684
211.453
255
255
255
255
224.302
255
154.191
255
0
164.516
0
0
255
0
255
0
186.53
48.9
255
209.107
135.6
143.483
148.977
134.28
139.072
140.549
129.109
129.645
127.913
127.989
255
255
154.507
0
59.376
255
0
0
0
0
254.534
0
0
0
0
0
0
0
0
0
0
0
0
0
120.145
30.8814
255
203.509
174.897
0
182.362
255
255
255
255
255
255
255
255
255
255
255
255
255
255
255
255
255
112.606
16.8953
0
109.403
255
255
255
191.311
0
255
255
0
166.978
255
255
255
255
255
255
255
255
255
255
255
0
0
147.995
0
10.4562
0
0
255
0
45.1396
0
0
255
0
46.2523
94.0368
125.769
126.011
125.873
125.079
125.95
124.412
123.665
127.422
255
235.12
255
250.123
255
199.195
255
0
255
83.0153
255
0
0
0
0
0
0
0
0
0
0
0
0
0
55.2706
0
87.8482
0
255
86.796
0
0
0
255
0
0
72.6103
242.06
255
242.525
255
255
255
255
255
255
255
255
255
255
0
133.802
255
93.8923
255
0
117.391
0
0
255
255
0
0
0
0
0
0
0
0
0
0
0
37.4242
0
0
0
255
82.0742
255
255
255
255
255
50.9557
230.03
255
255
255
255
255
255
255
255
255
255
255
0
14.2061
81.2814
0
255
0
0
255
130.687
173.863
255
0
0
0
0
0
0
0
0
0
0
0
0
0
0
0
0
255
255
255
211.872
255
255
255
0
255
255
255
255
208.561
129.239
128.685
129.78
127.687
127.8
127.997
127.725
127.603
0
0
0
0
255
187.036
0
162.292
0
255
0
255
255
0
0
0
0
0
0
0
0
0
0
0
0
255
243.798
255
0
0
0
0
37.247
0
0
0
0
0
0
0
0
0
0
13.6654
71.2612
100.834
77.2889
91.8186
153.209
110.885
255
0
255
53.7475
103.607
255
0
255
255
0
0
0
0
10.8317
0
0
0
0
0
0
0
0
71.8756
24.0788
97.4484
58.0718
166.836
255
255
0
255
255
253.436
255
255
254.075
192.656
134.213
139.787
136.06
143.225
141.488
138.282
137.835
142.393
155.647
0
0
8.39714
255
0
225.959
118.586
0
0
255
0
0
0
0
19.9818
123.964
124.24
121.086
126.593
125.87
124.332
127.042
126.694
127.342
0
0
0
255
122.713
255
220.326
255
95.649
0
255
0
0
0
0
0
0
0
0
35.7091
91.4954
92.0959
59.5231
65.0963
0
89.1728
0
209.544
135.209
255
0
0
255
0
150.457
21.5529
255
252.276
255
255
233.987
129.867
128.795
129.241
127.798
127.886
128.109
127.553
0
0
18.8417
255
255
0
0
0
0
255
0
0
0
255
255
255
255
255
255
255
255
255
255
255
0
78.8819
102.573
0
255
83.5465
255
22.0564
0
255
255
255
0
255
255
255
255
255
255
255
255
255
255
255
0
255
0
9.37908
0
241.061
0
0
150.739
158.057
0
255
103.696
152.79
131.399
127.571
127.548
127.58
127.567
127.502
127.501
127.501
127.502
127.502
255
206.795
255
0
0
0
0
0
0
0
0
33.757
179.631
0
0
0
0
0
0
0
0
0
0
0
0
0
156.343
255
255
255
255
255
255
255
255
255
255
255
255
162.215
128.131
128.007
128.406
127.661
127.743
127.886
127.679
127.559
255
0
0
0
84.1289
255
233.497
0
255
167.097
108.727
255
47.3651
255
255
255
255
255
255
255
255
255
255
255
255
13.5978
255
255
255
37.6944
57.485
255
255
119.27
114.873
0
255
255
255
255
255
255
255
255
255
255
255
255
255
0
255
255
255
255
255
255
255
255
0
0
0
255
255
255
255
255
255
255
255
255
255
255
0
0
0
0
196.645
76.1302
123.807
136.068
255
255
105.075
255
58.4263
255
255
255
221.923
255
189.005
128.346
128.694
128.91
129.763
128.424
0
255
0
0
255
171.267
0
0
83.2054
0
0
0
0
0
0
112.584
98.611
82.6674
102.772
126.034
125.878
124.29
126.037
125.158
255
191.733
122.547
0
255
44.5298
180.332
0
0
0
0
107.589
0
230.659
199.408
127.654
127.552
127.506
127.506
127.505
127.504
127.501
127.502
127.5
255
0
0
0
0
23.9991
0
0
0
255
255
0
0
0
0
0
0
0
0
0
0
0
0
0
117.209
0
255
255
255
42.5794
255
255
0
168.494
0
0
36.1827
0
0
0
0
0
0
0
0
0
0
0
56.0167
13.5871
255
161.35
0
255
114.557
33.6456
0
255
251.573
255
0
255
255
255
255
255
255
255
255
255
255
255
0
0
0
0
169.55
0
255
23.3553
0
255
0
0
0
0
0
0
0
0
0
0
0
0
0
0
86.4887
47.624
0
255
0
255
0
0
0
0
0
0
0
255
255
255
255
255
255
255
255
255
255
255
255
200.43
32.9487
0
228.854
120.656
0
0
0
219.621
0
0
0
91.7748
63.7405
13.8156
104.136
106.622
127.25
127.455
127.484
127.469
127.474
127.467
75.088
255
255
255
83.7219
0
255
0
0.965019
255
255
255
0
0
0
0
0
0
0
0
0
0
0
0
0
0
175.79
0
0
0
0
130.878
46.6726
0
0
0
25.9525
255
255
255
255
255
255
255
255
255
255
255
0
255
27.2102
255
255
255
0
255
255
129.657
255
255
255
255
255
255
255
255
255
255
255
255
255
255
0
0
0
0
255
1.09943
0
190.852
0
255
190.923
0
0
74.5674
36.7957
0
74.1688
75.0844
127.031
127.424
127.467
127.435
127.453
127.438
59.3891
13.7749
0
0
0
87.2902
0
31.2987
89.8966
0
0
255
0
0
0
0
0
0
0
0
0
0
0
0
255
0
199.319
0
0
255
183.886
255
0
0
255
145.998
255
0
0
0
0
0
0
0
0
0
0
0
38.2115
57.3237
59.3735
0
0
0
0
223.928
0
0
0
0
161.593
3.37756
6.46687
110.204
105.042
119.939
112.464
124.886
126.071
125.63
124.71
127.453
0
40.2177
0
0
157.129
0
0
0
0
91.1648
0
0
0
176.947
215.355
255
159.522
144.193
127.695
127.538
127.519
127.536
127.544
127.554
0
0
173.655
0
0
255
255
255
255
255
0
255
255
0
0
0
0
0
0
0
0
0
0
0
255
239.852
122.65
107.104
0
179.623
224.787
0
255
218.06
255
0
0
255
255
162.394
135.718
128.492
127.961
127.966
127.833
127.677
127.831
127.517
71.9432
255
108.713
0
3.13352
0
0
255
255
169.163
118.091
115.437
113.861
255
255
255
255
255
255
255
255
255
255
255
114.022
0
255
0
0
27.1407
255
0
0
122.52
3.13459
0
144.593
0
0
0
0
0
32.4551
0
0
33.4128
71.7933
100.415
139.514
0
255
255
15.0462
220.878
255
255
255
0
255
0
0
0
0
0
0
0
0
0
0
0
0
0
0
0
0
0
255
0
0
0
0
0
0
0
117.337
0
0
0
0
0
0
0
0
0
0
0
255
45.4072
0
0
0
255
0
145.55
255
255
255
255
0
0
0
0
0
0
0
0
0
0
0
0
255
0
117.118
0
255
227.412
255
255
88.5812
0
255
255
0
255
255
255
255
255
255
255
255
255
255
255
255
0
0
0
0
57.6385
0
168.078
0
0
0
0
0
37.1713
0
61.3464
2.81083
0
0
0
0
0
0
0
0
255
149.693
72.2668
226.569
0
18.1798
0
13.3393
255
0
21.9529
205.122
0
0
0
0
0
0
0
0
0
0
0
120.617
255
231.448
216.072
255
0
0
255
86.9601
105.462
48.4579
0
145.685
0
64.9627
58.6997
9.8747
29.081
39.2729
9.33335
0
0
0
0
19.2271
255
106.664
0
173.699
231.985
194.76
231.023
255
255
234.117
255
200.16
165.4
144.923
132.574
130.448
130.227
129.847
132.028
131.348
129.289
130.273
129.437
245.26
0
82.4838
0
189.606
255
29.42
0
109.344
211.498
0
0
213.482
255
255
255
255
255
255
255
255
255
255
255
0
255
162.232
255
135.083
255
255
235.676
157.776
0
148.014
40.2462
38.3323
169.825
188.6
193.988
161.201
178.928
142.207
131.544
132.9
133.302
133.763
138.03
0
100.011
255
255
129.078
255
0
255
255
255
0
150.116
255
241.423
161.25
134.253
133.04
131.101
130.399
133.164
131.144
133.566
134.757
138.767
0
252.25
255
0
255
185.749
14.4991
0
255
116.678
0
77.9619
0
183.909
176.685
154.02
179.298
208.972
130.39
129.247
130.142
128.138
127.565
127.603
0
240.291
218.85
0
255
255
255
0
133.746
255
0
255
48.6679
87.656
51.4711
70.0981
94.5585
63.1807
17.8482
0
1.69984
75.3186
48.6958
74.2612
255
255
2.97028
255
0
35.2345
232.201
91.6492
0
0
255
255
0
0
0
0
0
0
0
0
0
0
0
82.0092
255
150.961
255
109.562
255
0
255
255
100.011
0
0
255
128.175
0
94.7755
97.0803
116.348
121.758
119.792
114.08
107.442
121.905
121.709
121.803
255
255
0
61.8087
194.648
0
90.1794
255
233.247
0
0
0
255
251.742
255
255
255
255
255
255
255
255
255
255
255
142.548
205.979
56.8503
0
137.819
255
0
27.8934
0
0
61.8973
246.471
215.832
185.273
169.958
131.061
129.756
129.406
127.766
127.782
127.729
127.857
127.588
0
162.999
246.234
166.712
0
255
223.399
241.574
238.348
158.792
0
0
215.943
214.629
254.393
255
255
160.338
142.226
149.615
129.717
130.01
128.969
130.161
255
0
255
0
255
0
255
0
252.714
255
255
0
203.535
43.9932
72.3249
120.286
122.871
127.309
127.294
127.17
127.094
127.332
127.362
127.304
0
0
0
132.456
24.1202
0
0
0
0
36.699
0
255
0
0
0
0
0
0
0
0
0
0
0
0
0
203.989
0
0
0
242.973
98.9547
255
255
255
25.017
88.9374
0
0
0
0
6.60466
95.2443
84.6582
74.4726
107.565
108.226
90.6577
102.733
0
255
97.2814
183.165
180.783
189.101
255
255
255
0
255
255
230.644
255
255
255
255
255
255
255
255
255
255
255
255
0
255
39.4187
255
38.9654
211.677
0
255
81.9214
0
47.2753
136.919
142.284
133.394
138.377
135.253
135.235
135.861
137.999
133.792
128.625
129.372
128.606
0
218.462
171.643
240.73
255
135.91
255
255
255
238.109
255
0
0
23.6446
52.5596
18.7673
85.1154
80.3343
106.356
112.5
127.296
127.468
127.457
127.419
0
136.699
255
255
0
255
0
194.46
255
152.3
54.2603
175.855
0
0
0
4.84234
0
0
116.82
117.3
111.585
105.537
112.729
117.231
0
202.814
0
255
255
255
147.019
255
76.1287
0
0
243.372
0
92.5624
63.7495
1.2265
108.732
110.335
100.303
126.92
127.487
127.477
127.455
127.414
0
156.356
53.9111
184.772
105.253
255
0
255
201.831
255
0
0
0
229.625
255
213.322
255
255
255
181.743
181.157
129.935
131.929
128.94
255
255
4.54712
0
106.274
119.666
255
0
21.2886
255
73.9735
0
102.149
0
0
0
0
0
0
0
0
0
99.7935
114.343
164.214
255
89.1304
129.603
185.478
255
0
255
0
255
255
255
0
161.054
181.76
177.817
196.363
146.714
128.934
128.054
127.705
127.657
127.602
127.691
136.167
255
78.5492
255
0
35.0955
0
0
255
74.2588
0
0
0
0
0
50.2037
18.0874
37.6481
19.1746
85.5846
65.8387
81.6682
100.476
95.1902
70.1198
0
182.897
43.4396
62.9658
157.95
39.9717
255
0
115.825
0
0
224.168
255
255
255
255
255
255
255
255
255
255
255
38.3448
0
110.516
92.2144
99.9372
63.5368
141.447
86.7314
132.687
39.0015
255
255
255
255
255
255
255
220.282
255
146.197
130.34
130.641
129.79
128.608
255
255
255
42.1321
43.2445
0
255
115.746
255
0
90.3136
255
195.354
234.153
217.477
255
255
171.133
174.291
147.173
165.755
149.068
132.305
128.706
92.5466
0
255
38.2127
0
0
114.459
0
0
0
0
246.242
0
0
22.3941
0
0
0
8.64028
69.5737
109.584
104.871
123.183
122.21
0
255
0
255
0
255
0
0
0
0
0
0
0
0
0
0
0
0
0
0
0
0
0
0
204.041
159.15
255
125.898
142.559
93.5545
71.2879
116.658
0
195.848
207.801
145.451
0
70.5531
26.6918
0
0
0
0
0
0
0
0
0
0
255
165.761
0
0
0
145.707
132.604
158.669
255
230.186
214.482
72.4257
255
255
255
255
240.344
220.566
190.013
249.279
255
255
255
39.5339
60.2681
193.512
96.4421
74.5895
255
255
0
99.7909
255
197.008
204.834
15.0886
250.106
222.419
209.49
180.868
215.809
255
216.998
229.649
176.67
206.748
163.962
154.074
186.543
120.609
87.4729
0
169.563
46.9642
63.0972
255
2.82337
9.82384
255
112.567
8.04434
43.3715
98.7111
105.941
114.697
121.527
116.408
124.882
125.944
124.64
122.719
21.9104
195.938
164.34
40.3288
255
255
45.0864
255
255
255
255
0
255
156.602
177.558
203.412
242.714
134.236
136.001
131.363
129.183
129.206
128.297
127.902
255
0
198.751
204.976
255
184.722
213.319
42.9139
0
0
55.4174
0
88.8125
0
0
0
0
34.6747
44.0802
87.3356
119.094
116.192
124.086
126.287
148.877
21.9541
72.3758
5.15473
255
255
255
65.7967
179.514
0
255
255
255
255
255
255
255
255
255
255
255
255
255
255
255
0
255
255
255
255
255
242.179
255
0
255
255
255
255
255
255
223.595
255
250.508
216.414
217.643
255
255
255
199.55
255
0
14.6738
0
0
0
26.7595
0
255
0
123.683
0
138.437
141.095
132.27
132.058
129.693
127.638
127.511
127.507
127.506
127.511
127.512
4.85573
0
0
255
0
255
0
0
0
0
0
0
0
0
0
0
0
0
0
0
0
0
0
0
0
0
0
0
0
141.545
0
0
0
255
0
19.5141
57.0447
0
0
0
0
0
0
0
0
0
0
0
116.573
255
194.327
255
235.703
255
117.333
0
215.71
0
149.38
0
255
255
255
255
255
255
255
255
255
255
255
255
68.2936
255
0
105.922
129.486
255
0
255
255
255
230.772
0
255
38.7726
101.073
85.5876
72.2522
56.6487
43.5827
8.70342
20.4916
109.765
95.1321
107.72
255
255
255
255
179.884
255
114.992
255
255
0
0
156
255
0
0
0
0
0
0
0
0
0
0
22.0572
146.176
242.75
255
45.3139
223.599
255
0
173.679
0
255
255
255
68.746
255
255
255
255
255
180.508
224.607
184.581
190.318
134.024
139.941
0
0
208.466
0
0
44.6652
0
0
0
0
0
0
255
0
0
0
0
0
0
0
0
0
0
0
0
152.903
203.757
255
0
0
0
255
54.9808
18.0495
0
0
255
255
255
255
255
255
255
255
255
255
255
255
0
210.051
255
255
0
255
255
0
255
0
0
255
255
0
0
0
0
0
0
0
0
0
0
0
0
255
72.7537
54.2302
103.214
60.6142
255
255
255
255
255
255
0
255
255
255
255
255
255
255
255
255
255
255
255
24.5688
0
0
255
255
25.1805
90.5536
0
0
216.756
0
75.7132
67.7511
85.5597
122.556
120.083
119.253
122.351
119.448
115.588
109.284
93.6407
70.6366
255
0
255
0
0
0
0
0
145.299
116.487
0
255
82.312
131.015
129.427
131.168
130.368
131.846
130.184
129.267
129.052
129.197
130.239
131.528
255
0
51.1659
25.217
194.23
0
178.85
75.3466
0
255
103.314
132.155
145.527
234.885
255
255
255
255
218.383
162.418
189.169
220.137
198.671
194.444
132.752
11.7438
0
0
0
115.927
255
0
0
191.488
0
0
0
0
0
0
0
0
0
0
0
0
0
0
255
255
0
0
125.92
0
0
5.45218
255
0
0
0
0
255
255
255
255
255
255
255
255
255
255
255
0
0
0
62.1689
0
255
0
233.655
0
0
195.417
216.068
0
70.3197
70.6006
56.8206
124.02
125.544
125.774
124.686
125.688
126.172
126.654
126.108
255
255
255
255
255
0
20.5305
206.201
255
11.5712
0
6.90409
0
0
0
60.4375
98.0155
123.06
119.706
125.721
125.701
125.064
123.341
121.321
0
255
0
255
143.001
33.4538
11.1017
0
22.0482
255
255
255
255
0
0
0
0
0
0
0
7.25036
0
83.196
76.8201
0
255
0
190.133
255
73.3734
0
255
0
0
0
255
220.522
0
0
0
0
0
0
0
0
0
0
0
0
255
255
255
32.676
255
246.446
0
255
15.2182
0
255
255
255
255
255
255
255
255
255
255
255
255
255
0
255
148.001
125.978
17.155
68.2004
211.183
0
227.763
185.23
255
0
255
75.1596
47.5511
0
0
0
0
0
0
0
0
0
0
255
253.818
255
255
0
103.314
0
255
197.768
104.894
255
0
127.611
127.574
127.502
127.502
127.504
127.507
127.513
127.513
127.509
127.508
127.504
36.1016
128.356
50.2876
0
0
0
255
121.229
77.6461
0
56.3185
0
0
0
0
0
0
0
0
0
0
0
0
0
0
109.729
0
0
255
48.0834
255
0
0
255
215.967
255
245.295
255
255
255
255
255
255
255
255
255
255
255
255
0
70.0545
255
255
106.474
107.012
0
93.5515
69.527
0
255
232.403
255
255
255
255
151.669
169.256
174.186
151.723
169.748
129.682
129.266
24.2485
174.48
215.683
255
255
0
255
255
255
233.14
255
130.872
255
255
255
255
255
255
255
255
255
255
255
255
51.1928
0
255
235.655
255
255
70.4199
57.9339
110.314
255
255
206.792
0
0
10.0662
36.237
0
0
0
0
53.9141
48.7071
52.1773
44.6652
0
75.4558
255
0
227.94
99.7477
0
255
6.03088
85.4776
14.7745
190.278
0
187.713
133.675
128.458
128.123
128.419
127.886
127.678
127.663
127.656
127.774
127.683
0
127.96
255
255
210.637
255
255
255
191.586
255
113.222
2.73211
255
255
255
255
255
255
255
255
219.618
236.375
255
255
255
40.4411
0
196.961
255
255
0
0
0
0
255
0
0
0
0
0
0
0
0
0
0
0
0
0
0
82.9161
33.1048
56.4321
0
0
0
213.276
0
0
255
255
0
255
255
255
255
255
255
255
255
255
255
255
255
214.772
32.2088
0
104.956
0
0
0
0
255
0
0
255
255
190.94
175.858
193.519
133.977
132.845
137.942
145.271
128.602
129.69
131.544
8.62674
0
0
255
99.9487
102.511
0
255
0
0
25.7528
0
0
0
43.8681
0
105.357
83.2224
71.6958
19.7362
0
50.1597
55.5128
119.043
145.968
255
148.563
218.736
255
46.9666
255
255
255
255
255
255
0
255
255
255
255
255
255
255
251.067
255
255
219.072
175.037
255
239.793
255
0
255
25.3633
163.78
255
255
141.053
255
194.195
192.545
155.606
159.039
188.169
214.747
167.831
162.703
160.92
188.412
192.375
213.478
0
95.9883
0
255
128.106
255
255
255
0
0
33.2731
0
79.7738
0
0
0
0
0
0
0
0
0
0
0
35.8817
255
245.972
255
241.655
127.338
253.035
255
255
0
129.567
0
39.454
0
0
0
0
0
0
0
0
0
0
0
255
66.1415
0
164.864
0
0
0
11.129
47.1784
0
42.8506
240.97
0
0
0
0
0
0
0
0
21.1072
0
0
0
73.7144
0
253.655
255
255
99.428
215.361
0
184.536
255
212.831
255
0
0
0
0
0
0
0
0
0
0
0
0
130.303
163.185
161.795
0
255
255
0
103.543
255
54.0269
79.485
0
0
0
0
0
0
0
0
0
0
0
0
0
148.104
255
0
166.096
0
0
58.2959
0
149.055
0
0
246.11
33.1932
255
255
255
255
255
255
255
255
255
255
255
98.1718
255
0
0
255
99.387
255
255
181.49
0
152.863
255
255
51.7367
0
0
0
0
0
0
0
0
0
0
55.3266
186.98
0
0
0
0
255
0
255
224.879
255
255
255
0
11.951
0
3.00628
0
0
0
0
0
0
25.1561
0
200.904
10.447
0
255
143.132
255
207.815
255
255
0
0
241.184
0
0
0
0
0
0
22.5834
16.0623
77.6924
42.9381
115.164
255
0
255
85.7771
0
255
83.8918
255
255
255
255
255
211.938
255
255
255
255
255
255
255
255
255
255
255
0
178.363
131.982
0
255
255
22.9164
69.9939
216.353
110.915
46.2223
38.0804
100.039
26.4885
0
0
0
55.537
0
105.401
115.673
115.074
116.082
107.122
0
34.2201
255
0
170.931
182.223
89.9391
150.988
229.692
0
255
255
255
199.2
242.516
131.106
129.939
130.333
131.644
134.606
136.566
129.916
131.982
135.803
255
0
0
37.2072
61.977
151.456
72.8889
147.496
197.348
0
0
0
106.524
0
0
0
0
0
0
0
0
0
0
0
130.566
255
236.119
0
20.9945
255
255
0
0
167.486
255
0
66.9108
35.4461
117.707
115.855
126.699
126.483
126.586
126.16
127.18
127.013
126.602
127.287
172.469
255
255
255
95.5102
255
235.127
255
232.249
76.0054
0
161.321
47.5812
105.921
102.609
80.65
76.2147
48.0893
0
55.7308
26.5974
0
0
0
255
99.1838
0
0
0
255
74.773
64.2918
255
255
0
255
255
0
0
0
0
0
0
0
0
0
0
0
255
124.611
112.704
0
255
255
255
255
0
255
0
0
0
0
0
23.8526
25.118
0
46.6496
66.3921
36.5805
39.9488
0
0
255
255
255
0
255
255
104.754
255
255
255
231.763
158.931
0
132.302
128.319
128.2
128.518
129.209
127.645
127.706
127.657
127.803
127.895
127.999
123.077
0
255
57.478
0
182.721
0
0
0
0
222.378
0
0
0
0
0
0
0
0
0
0
0
0
0
255
0
0
0
0
255
255
0
40.2515
255
154.255
255
255
0
0
0
0
0
0
0
0
0
0
0
0
0
0
0
153.099
44.4144
0
112.195
0
255
0
0
255
0
0
0
0
0
0
0
0
0
0
0
40.9525
180.2
0
42.0968
0
0
0
62.9257
0
0
0
0
255
0
0
0
0
0
0
0
0
0
0
0
0
255
0
0
0
255
0
0
188.404
0
128.591
0
0
255
229.786
237.138
134.331
129.014
129.894
129.293
128.315
128.946
128.265
128.496
132.691
0
0
0
255
0
0
0
203.024
255
140.048
255
166.828
255
255
255
255
255
237.888
205.833
221.475
190.172
168.538
151.636
255
201.857
152.619
0
220.886
0
164.63
0
151.566
0
0
0
0
0
0
0
0
0
0
0
0
0
0
0
255
35.7653
255
255
129.472
73.5068
255
0
149.896
255
255
255
255
255
255
255
220.198
247.773
141.932
140.45
129.565
127.926
128.058
127.848
0
255
28.7164
255
0.447487
255
252.051
255
255
109.941
0
255
255
0
0
0
0
0
0
0
105.323
111.493
105.554
126.573
120.658
0
0
0
255
182.307
235.748
255
232.042
255
255
255
255
255
255
255
255
152.257
156.975
169.036
141.656
128.536
129.473
131.248
163.35
171.418
65.8616
59.4179
255
141.395
255
255
253.338
255
0
0
255
205.537
155.989
147.332
148.871
160.86
153.838
133.384
138.369
129.996
130.821
132.636
0
0
0
58.6996
0
0
0
0
0
0
0
0
0
68.1937
112.173
115.001
108.691
108.81
92.2337
121.852
122.907
122.413
125.486
125.038
0
99.1438
154.196
85.0435
255
0
255
0
0
121.488
74.0988
255
255
255
255
255
255
185.735
186.82
203.19
195.845
156.211
158.297
148.023
90.4639
184.503
0
255
0
255
255
0
179.105
122.045
0
0
114.576
0
82.2344
107.1
100.76
102.762
81.4539
69.0893
126.006
126.225
125.709
126.127
184.701
255
255
5.77726
0
46.8442
255
0
0
0
0
0
0
0
0
0
0
0
0
0
0
0
0
0
0
255
242.149
89.4039
255
255
255
255
154.164
255
183.57
0
255
255
255
255
230.608
255
158.489
151.646
138.39
130.949
131.259
134.168
59.6612
255
0
0
122.725
0
255
0
0
255
118.088
255
71.8909
0
0
0
0
0
0
0
0
0
0
0
175.673
0
255
24.189
255
255
255
255
255
0
255
255
255
255
255
255
255
255
255
255
255
255
255
255
0
0
1.25759
0
132.347
73.5768
232.838
255
175.198
255
255
255
75.8795
98.2901
80.0239
112.885
108.413
119.704
122.212
118.148
124.118
122.6
121.435
119.038
0
145.879
255
45.7448
0
255
255
255
255
255
255
255
255
255
255
255
255
255
148.32
160.607
153.063
138.443
148.9
162.268
251.675
255
84.5857
255
0
200.842
11.5379
177.764
255
0
0
151.791
255
0
0
0
0
5.46551
62.9231
28.6697
48.531
95.3817
108.55
126.431
33.8586
0
0
255
35.4513
0
255
251.039
160.728
0
255
255
0
255
255
255
255
255
255
255
255
255
255
255
0
255
0
35.7464
136.852
255
255
0
156.993
255
183.247
0
0
0
0
0
0
0
0
0
0
0
0
0
59.7762
255
0
255
255
0
255
164.617
147.755
255
0
216.834
0
255
255
244.396
255
237.883
246.565
255
248.334
147.363
161.156
166.694
255
0
132.856
255
0
255
0
255
0
0
0
0
0
0
0
0
0
0
0
0
0
0
0
0
0
0
38.8016
255
0
0
255
255
255
141.104
144.341
4.43093
235.848
228.173
216.714
132.572
137.287
128.033
128.156
128.79
127.656
127.74
127.902
128.291
0
0
75.8323
255
0
182.009
0
0
0
0
0
0
0
0
0
0
0
0
0
0
0
0
0
0
125.966
0
255
255
55.9835
255
0
255
255
255
0
18.4735
255
140.308
133.549
130.318
130.557
129.031
130.464
127.746
127.875
127.933
128.309
128.293
122.413
255
0
0
0
0
0
34.4202
0
0
0
86.0082
85.0212
0
0
0
0
0
0
0
0
0
0
0
0
255
255
255
168.983
104.646
105.557
234.691
110.455
255
161.111
0
211.134
82.2563
99.8512
117.73
122.428
124.289
122.099
120.858
116.267
114.765
103.98
90.8679
208.861
158.095
0
182.849
0
0
0
0
0
255
0
0
0
132.663
131.119
131.375
130.131
128.72
127.945
127.9
128.239
128.04
128.18
127.909
0
255
255
98.2867
255
138.989
0
255
0
255
139.46
221.664
0
37.9515
83.254
57.604
68.569
27.6359
0
0
29.718
79.1804
56.3776
76.0113
3.30915
255
255
255
255
0
255
0
168.616
0
255
0
255
255
255
255
255
255
255
255
255
255
255
255
255
209.719
255
222.585
255
117.435
255
114.364
198.874
108.89
255
0
0
0
0
60.6678
0
105.05
118.788
113.1
125.924
126.627
125.788
124.135
0
255
0
0
255
158.362
67.1921
0
244.635
93.8724
248.157
43.9248
0
28.497
30.6289
113.549
101.024
100.03
91.6104
94.0692
78.5669
39.5715
108.002
107.392
0
255
255
52.1323
255
255
255
196.673
255
255
76.701
232.598
255
192.998
236.202
157.425
137.822
133.22
129.394
127.816
127.805
127.929
127.595
127.661
69.5961
125.094
0
136.842
255
255
252.249
255
255
189.681
111.582
255
255
255
255
130.353
131.53
128.823
128.556
128.489
128.347
128.444
129.189
128.992
228.632
75.023
78.9818
117.617
73.3651
0
40.2782
255
255
10.3265
255
255
0
255
255
255
255
255
255
255
207.614
139.312
135.933
142.023
255
130.763
211.156
255
67.495
255
0
255
255
255
255
255
255
255
189.57
211.874
197.097
147.99
161.355
175.191
145.469
163.227
134.434
128.401
255
255
136.997
255
232.074
255
190.032
0
0
0
75.1919
0
255
0
0
0
0
0
0
0
0
0
0
0
0
134.219
20.9931
152.657
0
0
255
67.6972
0
33.5359
0
255
0
9.77526
20.3149
0
0
0
0
0
0
0
0
0
0
0
158.533
255
0
255
0
0
255
0
0
92.85
0
0
0
0
0
0
0
0
0
0
0
0
70.2243
96.3456
0
141.93
0
255
222.442
0
171.359
255
105.437
109.501
255
255
255
255
255
255
255
255
255
255
255
255
0
0
65.445
0
0
189.679
0
20.5578
0
247.769
35.2594
239.599
255
54.7669
35.4628
0
77.3164
48.5573
0
0
71.4256
66.5432
17.8365
121.824
194.049
255
0
216.39
0
199.047
113.542
32.2104
19.8177
65.5526
255
0
101.384
78.9709
88.8138
126.112
126.391
126.759
127.066
127.141
126.821
127.169
126.94
126.588
0
235.612
255
255
255
255
80.2685
255
255
255
255
203.954
255
48.0617
10.3231
0
0
0
23.3722
96.3874
75.7142
115.74
113.741
108.266
207.186
47.4936
132.161
228.62
0
51.232
238.584
227.357
255
255
145.094
40.4897
196.536
172.824
168.004
136.284
143.541
137.02
142.001
143.926
136.107
141.555
134.599
131.998
0
255
159.41
129.375
255
255
166.014
239.383
255
0
255
112.36
255
255
255
183.307
206.725
221.098
253.366
255
255
255
255
255
255
0
157.366
0
255
108.875
0
66.2164
34.0158
0
0
0
0
0
0
0
0
0
0
0
0
0
0
0
0
0
255
0
0
255
34.4298
179.04
158.732
255
216.38
255
255
162.154
137.932
148.227
157.68
182.865
162.134
193.319
156.068
182.23
169.997
209.269
195.536
255
208.337
255
255
255
255
255
203.122
255
255
255
0
59.7866
0
0
0
0
0
0
0
0
0
0
0
212.512
0
0
0
0
0
0
0
0
146.789
255
255
255
255
255
255
255
255
255
255
255
255
255
18.2251
144.875
0
18.7484
0
255
255
247.504
255
238.574
255
255
255
255
255
255
255
255
255
255
255
255
255
255
0
0
0
255
0
0
0
255
131.667
15.5114
183.476
77.3978
0
95.8344
99.3352
82.0717
43.2133
126.132
127.44
127.455
127.432
127.446
127.394
127.336
70.1922
0
255
0
255
0
0
0
255
117.881
0
0
0
0
0
0
0
0
1.67451
0
0.529752
0
36.4611
0
255
56.0695
255
122.039
29.6488
241.861
255
32.7315
0
255
0
55.729
206.107
0
0
0
0
0
0
0
0
0
81.8585
44.9667
0
100.184
189.451
255
0
182.759
255
0
0
0
51.7353
94.0015
177.002
0
0
0
0
0
0
0
0
0
0
0
217.027
143.715
94.4596
0
190.874
0
255
255
255
182.424
255
0
227.227
27.4235
17.0255
14.4239
0
8.84356
0
75.2971
30.6962
0
0
66.4812
0
255
255
0
255
108.379
255
255
249.062
0
3.55947
0
255
0
0
0
30.7187
67.2515
98.9079
76.9821
86.1897
126.049
126.885
127.32
0
255
255
255
0
219.147
248.522
0
187.054
255
0
0
9.51235
255
255
255
255
255
255
255
255
255
247.798
147.309
0
0
0
0
0
0
64.294
0
33.1534
255
0
0
0
0
0
0
0
0
0
0
0
0
0
0
176.482
0
0
159.069
255
255
221.799
255
255
255
255
255
255
255
255
255
255
255
255
255
255
255
255
255
0
92.8506
0
255
201.112
157.548
255
85.9836
255
149.178
255
0
0
0
0
3.37614
0
0
43.3417
119.299
112.924
121.85
116.598
122.294
200.736
229.192
255
34.7319
0
0
0
255
40.0261
0
218.704
247.097
46.1018
0
0
0
0
0
0
0
0
0
0
0
255
0
255
72.4234
255
127.527
255
255
0
0
255
0
255
171.406
166.314
160.716
179.181
133.074
135.19
134.028
130.977
129.909
129.406
130.352
55.1995
239.404
255
255
0
255
0
255
0
255
255
0
218.241
254.944
143.35
131.182
131.003
132.212
131.237
134.478
129.834
131.855
127.995
128.452
135.139
135.754
255
0
255
183.665
0
0
213.4
255
0
0
90.2749
0
0
0
0
0
0
0
0
0
0
0
0
178.67
79.0949
255
0
0
0
0
255
216.512
255
193.012
255
229.764
147.254
156.83
171.599
209.48
255
255
255
255
255
255
66.8194
0
106.794
255
255
62.8007
47.8271
234.236
72.0804
98.2571
197.041
201.906
220.125
81.1701
95.9069
80.6473
93.3872
100.262
95.4448
116.138
119.427
111.792
105.206
99.2064
255
166.285
0
0
255
255
255
255
255
255
255
255
255
67.5285
104.75
96.4676
72.5118
95.1971
110.737
111.109
113.067
119.274
114.586
106.34
255
228.705
255
0
152.236
0
0
0
0
255
0
89.3654
65.9168
255
255
255
255
255
255
255
255
255
255
255
255
255
255
217.626
239.792
255
57.4895
6.62847
255
220.849
152.949
255
255
255
255
255
255
255
255
255
255
255
255
255
0
0
79.331
255
142.842
0
0
255
255
51.177
0
255
0
112.541
117.772
126.371
125.566
124.024
120.826
127.225
126.963
126.66
127.092
127.489
255
0
255
255
110.181
97.6952
195.999
247.483
7.53587
255
204.869
0
247.095
255
255
255
255
255
255
255
255
255
255
255
0
0
19.5208
255
253.279
0.151559
0
0
0
255
0
0
0
255
255
255
255
255
255
255
255
255
255
255
0
0
255
179.417
255
231.348
83.0898
157.225
106.106
255
255
0
255
0
0
0
0
0
0
0
0
35.2774
70.2225
24.6669
255
74.966
135.705
0
0
230.464
118
255
255
255
255
217.428
0
108.637
110.149
102.478
123.637
120.454
114.014
125.49
127.026
126.926
126.408
126.81
186.079
22.8449
0
168.388
255
255
255
133.016
255
255
255
255
255
255
255
255
255
255
237.892
206.865
189.816
233.68
255
255
0
0
155.881
140.541
0
255
49.1069
197.417
255
255
255
255
255
255
255
255
255
255
255
255
255
255
255
255
0
0
16.1843
0
255
255
255
255
255
126.935
96.8321
35.8043
10.0983
0
6.55167
0
0
0
0
0
0
0
0
0
2.69105
242.64
0
0
255
0
0
0
0
0
178.83
0
11.1648
0
0
0
0
0
0
0
0
0
0
0
109.721
204.64
0
0
0
0
0
0
0
0
0
100.344
148.444
0
56.5149
59.1166
66.4245
101.925
97.4177
116.001
110.167
112.275
103.915
120.695
116.671
255
0
144.105
192.896
68.2656
189.338
255
132.718
0
107.363
255
255
0
0
70.1373
30.6966
41.4454
83.5221
40.7845
80.278
101.179
116.964
126.416
0
0
255
255
210.177
255
95.4727
0
255
255
0
4.91818
0
255
204.622
255
255
255
255
255
255
255
255
255
255
245.34
255
16.1793
82.3745
147.22
0
0
194.982
24.7164
159.484
91.1237
0
0
0
0
0
0
0
0
0
0
0
0
43.8704
39.7564
53.5989
253.112
58.3995
255
155.385
209.776
255
203.579
255
0
55.709
229.124
255
168.044
189.503
143.328
136.855
129.713
129.162
128.029
128.036
127.902
255
255
158.923
255
255
0
255
230.271
14.4207
255
255
255
0
0
0
0
0
0
0
0
31.8394
28.1749
0
0
81.8531
183.367
226.126
196.606
0
255
200.236
109.595
255
0
0
118.663
0
255
255
255
255
255
255
255
255
255
255
255
0
255
28.2278
0
255
0
135.594
0
0
0
86.7716
29.698
204.86
0
33.0695
76.5598
71.4834
109.984
119.2
115.515
114.752
102.857
122.187
122.373
11.4442
207.739
0
255
77.1514
100.074
73.9537
0
255
0
150.292
41.7027
0
218.556
255
222.093
222.49
168.933
164.687
145.723
149.092
152.196
159.648
157.434
255
255
0
255
255
90.9748
0
0
158.937
0
255
255
211.871
135.958
142.286
149.684
140.064
150.212
137.697
136.123
130.899
128.322
128.336
127.505
255
0
0
0
248.538
255
153.68
255
255
255
254.461
246.39
255
196.257
140.59
145.577
158.762
189.593
156.481
155.789
150.443
128.008
128.307
128.495
0
0
90.4853
99.3535
0
255
255
94.562
255
10.5082
227.348
255
255
255
255
255
255
255
255
255
255
255
255
255
245.078
255
83.186
47.4411
70.3719
63.5773
240.748
147.493
184.729
0
20.3705
114.123
201.336
0
0
0
0
0
0
37.7547
83.2396
78.537
98.2136
109.238
255
112.774
255
0
0
255
255
0
255
255
255
255
255
255
255
255
255
255
255
255
255
255
255
255
133.907
128.077
185.536
102.541
0
236.556
113.862
255
255
255
172.73
255
255
179.92
217.218
192.805
159.65
165.679
152.862
146.53
147.752
141.434
146.673
144.831
0
255
0
0
0
0
0
0
255
0
0
237.04
23.0844
0
0
0
0
0
0
0
0
0
0
0
0
169.447
0
0
0
0
0
0
11.0486
255
234.159
0
255
255
237.973
141.319
134.217
140.909
147.318
166.343
129.651
130.879
130.454
131.182
255
76.5295
0
0
237.777
255
160.473
255
0
255
0
255
255
0
0
0
0
0
0
0
0
0
0
0
66.958
0
0
250.706
0
255
255
255
136.546
255
255
255
255
255
255
255
255
255
255
255
255
255
255
255
206.524
0
215.831
191.47
43.8675
255
183.179
255
191.87
162.956
255
0
255
67.0741
56.6526
108.348
95.0217
84.9778
76.0539
56.1241
12.5387
42.6341
0
24.0316
255
0
36.8981
0
0
152.043
108.175
209.119
0
0
176.072
102.271
141.271
255
255
255
255
255
255
255
255
255
255
255
255
0
154.066
0
0
0
22.4198
0
0
0
237.77
0
255
0
0
0
0
0
0
0
0
0
0
0
207.839
118.924
201.357
0
103.858
10.2571
255
0
0
255
0
0
0
0
0
0
0
0
0
0
0
0
0
92.1382
0
150.791
26.8633
233.194
221.15
234.87
255
135.359
255
211.987
0
216.166
255
255
255
255
255
255
255
255
240.011
198.039
133.661
129.296
227.912
0
0
170.217
232.273
81.6727
0
232.261
95.5497
255
255
99.1367
147.236
149.244
154.606
141.654
129.078
130.513
128.032
128.35
127.816
127.982
128.138
127.544
255
175.613
30.7479
255
150.087
2.04233
0
255
255
108.86
255
97.356
133.133
23.4826
0
67.1909
89.4929
117.363
112.686
103.759
120.428
115.145
120.797
126.873
255
239.192
0
0
232.259
185.392
172.893
255
255
114.852
0
255
5.38262
104.697
118.25
116.465
123.917
123.708
123.077
123.398
124.861
124.233
126.557
126.09
69.2273
0
0
0
0
0
251.294
255
255
255
0
0
47.6375
0
0
0
0
0
0
0
0
0
0
0
0
29.2486
255
255
0
0
135.609
0
0
0
0
0
0
0
0
0
0
0
0
0
0
0
0
0
255
255
255
255
255
255
132.121
255
255
255
65.756
105.512
55.9518
0
0
0
0
0
0
0
0
0
0
0
0
0
255
88.3106
255
255
62.0486
0
255
255
255
255
255
144.416
158.282
156.778
152.04
150.673
129.088
127.948
127.613
127.528
127.522
127.528
0
255
195.08
0
255
0
32.5284
0
255
34.4907
255
255
255
0
46.9361
17.0171
66.7623
53.2245
37.1717
15.4812
117.954
110.003
124.485
126.065
160.026
0
0
0
51.4961
0
0
0
255
0
0
0
4.97752
255
255
255
255
255
255
255
255
255
255
255
154.338
22.7133
158.756
0
255
255
255
133.339
255
255
255
255
255
255
255
255
255
255
255
255
255
255
255
255
142.917
164.313
180.719
255
0
206.825
255
5.64199
255
159.729
251.206
52.166
188.03
255
255
255
255
255
255
255
255
255
255
255
138.128
0
255
146.946
255
0
49.1256
110.407
0
255
12.2246
255
255
254.266
255
244.853
178.768
206.331
179.456
168.678
146.635
139.166
146.308
130.96
0
0
255
255
255
255
255
255
0
9.53118
0
255
255
255
255
255
255
255
255
255
255
255
255
255
255
45.4176
0
255
255
0
255
255
255
231.182
0
255
209.545
15.0229
14.2582
0
0
0
0
0
84.2064
105.225
94.5194
105.267
63.6526
62.3508
106.808
0
255
0
183.182
255
181.001
255
255
0
0
215.889
235.319
255
229.195
225.046
255
255
255
255
255
255
255
0
255
255
0
0
197.145
0
0
236.678
108.751
255
0
255
255
255
255
255
255
255
255
255
255
255
255
255
0
7.7876
255
214.839
0
0
0
0
0
0
0
0
0
0
0
0
0
0
0
0
0
0
255
0
129.091
71.4735
0
245.776
171.682
255
40.0083
255
205.689
0
0
0
0
0
0
0
0
0
0
0
0
0
255
255
0
0
255
255
0
0
255
218.617
255
0
255
0
0
0
0
0
0
0
0
56.6584
94.726
68.6433
0
85.5967
255
255
255
0
0
239.129
246.743
255
0
255
255
212.089
251.36
204.973
249.545
255
255
255
255
255
255
255
255
255
255
86.0044
255
220.01
255
99.5869
0
116.816
255
255
126.251
0
3.17722
11.3107
19.1808
70.1903
91.7208
61.1263
82.4203
86.7438
46.819
9.55427
255
7.9537
255
255
255
153.673
120.759
255
0
255
255
86.1304
255
255
230.545
255
255
202.607
250.432
186.522
226.732
233.718
255
255
255
255
255
41.9094
88.8579
255
0
124.203
255
0
70.8667
24.3289
42.0431
0
0
0
0
0
0
0
0
0
0
0
248.707
0
0
129.388
145.259
255
255
33.8261
255
255
238.39
0
255
255
255
255
255
255
217.222
255
176.459
161.796
160.462
171.608
255
255
0
255
0
200.869
42.6051
255
255
255
76.7659
255
255
0
0
0
0
0
0
0
0
0
0
0
255
0
248.957
0
0
0
255
255
18.7025
255
0
255
0
255
255
255
255
255
255
255
255
255
255
255
255
204.981
0
97.4788
241.139
171.806
255
0
0
255
0
0
0
0
0
0
0
0
0
0
0
0
0
0
143.081
255
114.636
75.8885
0
255
255
255
255
102.85
255
36.1174
255
206.626
255
161.797
181.094
168.621
191.129
222.473
247.825
163.009
173.768
130.4
38.8029
0
41.3353
255
255
255
255
255
255
255
0
0
0
74.2944
121.097
125.3
123.513
126.633
127.379
127.366
127.424
127.486
127.488
127.491
255
235.233
170.699
33.6228
255
255
255
255
0
0
0
0
0
0
0
0
0
0
0
0
0
0
0
0
40.4857
255
163.95
128.916
183.956
98.5348
0
0
0
0
195.965
78.5284
255
255
255
255
255
255
255
255
255
255
255
255
0
23.6144
64.1375
148.452
255
143.026
255
0
255
141.243
0
127.753
0
255
255
255
255
255
255
255
255
255
255
255
152.136
18.2308
0
255
0
255
218.197
51.9529
255
255
231.862
255
255
8.61272
0
0
0
0
0
0
0
0
0
0
95.6273
211.286
0
208.187
255
0
192.813
45.1448
255
217.282
0
152.99
255
176.644
134.334
129.717
131.521
128.272
128.389
128.382
129.042
128.921
127.988
127.832
89.7135
255
255
191.911
255
41.4085
255
84.7123
255
255
255
255
255
255
255
255
255
255
255
255
255
255
255
255
0
0
63.2755
255
0
0
59.4194
255
0
255
90.9437
99.335
68.7227
132.788
135.682
140.86
147.068
138.4
134.406
135.891
143.584
133.188
134.567
140.3
227.436
62.2059
140.675
255
255
0
255
255
255
66.9986
160.323
0
0
0
0
0
0
0
0
0
0
75.8423
124.982
123.963
0
0
255
0
255
189.386
254.089
252.879
255
175.91
255
203.521
252.856
255
255
255
255
255
255
255
255
255
255
255
0
19.4143
0
254.714
0
10.8182
0
0
0
0
0
212.999
255
0
0
0
0
0
0
0
0
0
0
0
255
0
27.34
12.668
255
0
0
0
0
0
0
0
178.667
105.856
126.136
125.365
123.343
127.181
127.06
126.626
126.488
125.704
127.359
127.471
255
0
38.1708
180.19
255
60.1571
255
255
255
255
255
255
255
255
255
255
255
255
255
255
255
255
255
255
0.118652
0
0
255
255
255
255
33.64
255
31.067
255
255
255
255
255
255
255
255
255
255
255
255
255
255
0
0
0
255
51.6247
6.9963
255
255
255
255
255
255
255
255
255
255
255
255
255
255
255
255
255
255
255
244.304
134.362
55.7523
247.733
0
253.414
217.901
255
139.704
35.3215
204.306
255
255
255
255
255
255
255
255
255
255
255
255
0
0
255
236.289
255
0
183.58
0
101.013
0
0
0
0
0
0
0
0
0
0
0
0
0
0
0
255
255
255
0
0
0
0
0
0
0
11.2405
255
85.0249
0
0
0
0
0
0
0
0
0
0
0
0
0
255
255
255
210.959
242.837
0
0
0
0
255
0
0
36.3279
105.101
99.0481
96.7847
92.0474
112.512
114.162
108.076
98.1247
121.146
109.945
255
136.952
0
78.4144
93.3522
203.318
0
0
0
98.7891
79.3208
0
255
255
255
255
255
255
255
255
255
255
255
149.86
91.5675
0
221.747
255
183.971
255
207.169
255
255
255
59.1648
255
255
255
255
255
255
255
255
255
255
255
255
255
144.373
243.717
0
0
0
0
147.483
90.4874
0
227.652
255
255
138.258
142.62
154.152
164.158
179.923
195.418
182.92
172.037
185.463
195.022
231.8
118.406
196.45
255
255
123.679
0
255
255
0
0
231.956
0
255
236.921
165.274
193.984
143.174
139.215
131.516
128.529
127.543
127.578
127.588
127.593
219.548
161.316
0
34.9173
0
0
0
0
205.542
0
143.424
0
77.6954
0
0
0
0
0
0
0
0
0
0
0
200.265
255
200.338
0
204.62
247.479
255
66.2977
0
178.002
255
161.03
255
0
0
0
22.5279
0
0
0
0
0
0
0
255
0
202.17
181.92
255
0
0
224.496
0
0.0884517
255
0
0
0
0
0
0
0
0
0
0
0
0
0
89.5159
107.419
255
255
239.704
145.302
180.103
255
132.174
255
255
255
255
255
255
255
231.711
255
255
255
250.112
255
242.079
154.528
239.67
0
255
255
0
255
168.514
183.108
93.9531
255
43.5661
255
0
0
0
0
0
0
58.8739
5.42938
0
26.8435
104.93
99.3359
126.001
255
117
255
255
255
0
0
18.3672
58.2865
255
255
238.902
145.428
135.996
134.834
133.282
132.942
137.57
139.963
141.101
132.679
128.785
128.322
0
255
0
146.027
118.172
255
0
0
0
0
255
182.121
255
255
209.295
148.654
166.667
203.881
255
159.142
149.772
161.933
148.145
148.806
255
255
0
0
99.2589
64.5671
255
0
54.9202
0
255
0
0
0
0
0
0
0
0
0
0
0
0
0
34.8761
121.389
153.642
255
0
0
68.4856
48.6109
0
35.1116
39.3642
81.9848
100.761
85.7775
119.698
114.57
103.272
115.591
125.677
124.155
127.069
127.384
127.275
127.427
255
0
255
14.7461
0
115.135
255
214.874
0
255
255
0
255
255
255
255
255
255
255
255
255
255
255
255
0
116.264
0
19.0511
0
89.2385
0
0
0
148.187
0
0
37.7439
0
0
0
0
7.84841
0
0
0
0
0
0
9.20827
74.4263
24.2402
255
213.199
42.147
255
23.1909
255
81.3933
86.8914
219.913
129.146
213.013
232.526
255
255
255
255
255
255
255
255
255
149.079
255
255
236.166
255
88.9467
255
166.191
255
255
0
255
255
10.9616
93.9256
62.29
0
0
0
0
0
0
0
0
0
255
255
96.8615
0
255
102.823
255
255
255
255
255
255
255
255
255
255
255
255
255
255
255
255
255
0
0
44.4504
15.8955
61.789
255
0
0
0
255
40.0935
0
0
0
0
0
0
0
0
0
0
0
0
0
255
209.24
255
117.491
199.449
255
0
255
255
255
0
0
0
0
13.0601
0
114.879
126.191
125.238
126.784
127.393
127.385
127.459
127.427
255
127.188
17.7599
12.433
0
255
255
80.4712
0
255
0
0
0
0
28.0272
75.921
106.56
88.7321
75.9491
48.615
87.9323
56.4025
35.8952
0
243.605
255
51.971
0
118.583
255
0
255
255
206.168
0
255
136.298
165.374
193.462
172.916
197.942
187.766
169.989
131.688
128.991
130.166
129.726
129.857
255
0
255
255
106.848
54.7515
255
206.444
235.017
255
205.902
59.8518
255
255
255
196.923
158.423
166.26
146.697
128.583
128.384
127.927
127.786
127.848
0
103.865
205.564
0
255
240.18
255
255
255
255
3.1858
99.6317
255
97.2939
90.5248
107.188
100.662
117.289
117.986
118.612
122.676
123.936
122.559
119.926
91.7413
151.19
0
141.677
90.5915
255
255
0
225.721
133.319
255
255
0
13.8877
20.2458
109.347
125.37
125.642
127.25
127.04
127.194
127.409
127.464
127.459
64.9556
13.3107
255
255
255
255
148.252
192.802
220.166
242.108
255
255
255
231.162
232.688
255
255
222.682
255
255
255
255
190.127
146.924
255
123.345
0
88.8081
241.491
0
0
0
0
0
0
0
0
0
0
0
0
19.6714
0
0
0
0
0
0
255
127.87
255
217.316
168.806
0
255
255
255
0
163.653
0
35.8124
126.5
126.407
127.343
127.428
127.403
127.478
127.458
127.479
127.474
127.493
127.497
129.916
0
58.0606
185.109
255
255
255
114.642
228.229
255
229.952
255
170.517
166.656
187.262
211.509
174.424
133.146
134.061
138.89
132.696
133.975
132.211
135.945
0
255
255
255
218.117
20.2839
255
255
0
142.35
98.443
109.494
255
255
255
255
255
255
255
255
255
255
255
255
255
194.235
0
255
0
0
255
255
209.141
255
0
255
255
255
255
255
255
255
255
255
255
255
255
255
10.032
100.197
255
0
255
3.19248
0
0
252.413
160.128
255
0
205.411
0
0
0
0
0
0
0
0
0
0
0
0
0
0
0
255
63.3556
255
0
0
21.5086
219.546
4.30681
0
244.247
255
255
255
255
244.489
255
255
190.316
180.987
229.611
0
249.516
174.293
0
255
0
0
255
0
170.79
255
0
244.125
255
255
255
220.68
189.542
241.097
255
230.856
255
255
255
255
103.627
255
248.892
199.735
239.205
99.0975
190.895
52.2479
87.1566
167.513
0
0
255
255
255
255
250.842
255
255
255
255
255
255
98.4353
255
116.112
0
0
0
0
0
0
0
255
0
0
0
0
0
0
0
0
0
0
0
0
0
129.653
0
0
0
0
0
0
0
255
0
0
0
255
0
0
0
0
0
0
0
0
0
0
0
151.299
255
0
95.3386
13.1252
0
255
151.162
72.476
166.603
243.866
168.029
166.16
0
0
0
0
0
0
0
0
0
0
17.1303
101.383
255
125.244
0
255
255
151.529
0
0
0
0
0
0
0
0
0
0
0
0
0
0
0
0
0
76.6433
119.462
154.714
255
108.704
255
89.3117
34.8553
216.589
0
255
255
0
174.255
156.509
178.303
197.969
204.295
208.236
255
181.5
210.078
236.061
255
0
0
0
255
0
0
255
0
0
0
0
0
0
0
0
0
0
0
0
0
0
0
0
0
8.8259
255
0
255
0
0
0
0
71.7781
0
0
0
255
255
255
255
255
255
255
255
255
255
255
255
117.961
0
255
79.5828
0
0
255
99.503
0
225.362
0
0
246.388
23.4771
122.683
118.629
122.662
122.829
121.055
115.554
103.909
81.935
58.956
124.558
88.9986
0
0
0
255
7.36158
255
255
0
0
0
0
255
255
255
197.065
130.742
127.533
127.525
127.522
127.503
127.5
127.5
127.5
255
0
255
254.779
255
255
66.0409
255
255
255
253.056
255
51.4165
255
255
255
255
255
255
255
255
255
255
255
82.9003
255
153.793
0
255
180.162
159.962
255
255
255
0
172.346
255
0
0
0
0
0
0
0
0
0
0
0
224.533
186.259
255
255
187.914
0
177.023
0
0
136.038
255
203.249
22.9603
0
16.7006
0
0
0
0
0
0
0
37.3006
80.8411
132.128
255
255
69.2607
255
0
255
7.52313
0
255
0
255
189.49
17.307
104.634
114.221
126.041
125.787
124.435
121.827
121.447
119.69
115.626
123.417
46.5118
255
82.5451
99.768
65.9144
0
60.0713
255
91.9716
0
0
255
0
0
0
0
0
0
0
0
0
0
0
0
0
255
0
189.855
255
222.871
255
0
255
43.5484
255
190.666
255
255
255
255
255
255
255
255
255
255
255
255
20.8886
126.376
255
255
0
0
164.409
0
32.4966
58.498
0
0
80.2257
0
0
0
0
0
0
0
0
0
0
0
0
66.4328
152.568
63.4589
180.037
0
255
255
255
255
255
255
255
255
255
255
255
255
255
255
255
255
255
255
204.339
255
255
255
126.238
255
255
255
0
255
54.8702
255
255
139.099
131.603
132.849
131.356
127.773
127.993
127.93
128.022
128.419
129.139
128.498
219.25
255
255
255
255
50.906
0
104.166
255
0
0
255
255
255
255
255
255
255
255
255
255
255
255
179.23
255
255
0
205.48
0
96.4596
167.71
0
255
0
57.3483
0
15.999
0
13.3866
94.2003
125.626
127.217
127.097
127.345
127.488
127.495
127.497
127.497
0
0
82.2968
187.406
0
119.468
97.164
220.205
0
0
255
64.6044
76.8258
171.643
204.954
183.963
182.171
149.558
131.061
131.123
132.876
130.473
131.972
134.56
255
0
0
255
199.532
255
101.383
118.622
255
255
255
255
255
255
255
243.317
161.609
175.502
187.628
159.139
167.139
137.022
143.999
143.704
134.857
23.3799
255
255
182.381
0
85.076
0
125.116
255
255
0
169.649
40.7847
0
0
0
0
0
0
0
0
0
0
199.394
113.646
184.678
0
192.504
0
0
0
171.787
183.653
50.932
255
0
0
0
0
0
0
0
0
0
0
12.8812
1.35358
187.913
130.193
0
255
255
255
255
0
255
255
255
103.004
255
255
255
255
255
255
255
255
255
255
255
255
0
0
176.577
5.54033
182.17
0
255
0
0
255
0
255
166.325
122.857
127.223
127.091
127.419
127.496
127.494
127.494
127.494
127.494
127.489
127.492
25.0611
105.059
255
255
255
0
87.9696
0
47.413
189.283
122.067
169.421
0
0
0
0
41.5821
11.0165
0
0
0
0
0
0
255
0
136.654
99.5471
176.15
255
255
0
210.695
0
152.859
0
6.03173
0
0
0
0
0
0
0
0
0
0
0
3.46023
0
255
255
247.323
255
197.77
82.8034
206.169
164.592
0
0
255
55.1775
24.3165
0
0
0
0
53.8942
48.952
75.9443
29.8298
22.9068
255
0
0
0
0
143.326
255
0
0
0
0
0
0
0
0
0
0
0
0
0
0
0
0
0
255
255
0
255
110.315
0
255
255
48.5585
255
255
106.618
0
255
255
255
255
255
255
255
255
255
255
255
0
255
0
0
219.025
0
255
0
0
0
0
101.694
0
0
0
0
0
0
0
0
0
0
71.9279
98.3518
255
255
255
0.251774
207.868
180.892
224.163
0
0
0
255
0
255
0
0
0
0
0
0
0
0
0
0
0
0
0
0
0
0
0
197.344
0
0
255
255
255
0
0
0
0
0
0
0
0
0
0
0
0
152.965
255
255
0
0
0
2.44862
109.524
47.6345
0
255
0
26.2177
0
0
0
0
0
0
8.50289
0
0.590876
0
0
255
116.023
255
255
0
41.2636
255
227.151
255
255
255
255
230.076
255
255
255
255
255
255
255
255
255
255
255
129.725
198.435
228.337
255
255
131.654
0
156.788
255
255
255
255
0
107.455
112.521
123.867
125.448
124.224
124.129
126.025
126.647
125.953
125.342
124.567
0
39.5782
186.997
1.29508
165.522
116.898
255
0
25.522
0
0
255
0
137.69
145.786
157.522
133.563
131.478
134.264
138.188
144.211
131
133.822
133.385
0
0
92.1285
190.498
218.769
0
187.222
0
255
0
255
0
0
103.384
106.468
89.9114
123.76
121.753
117.483
114.631
118.763
124.842
123.809
122.809
255
91.4337
255
255
11.3551
255
0
48.3501
255
255
0
0
0
255
255
255
255
255
255
216.836
138.733
138.64
143.077
137.716
255
145.703
70.2636
9.34567
0
255
255
255
127.904
248.028
255
236.745
242.873
0
0
0
0
0
0
0
0
0
0
0
207.915
255
255
0
0
59.8748
0
16.1585
0
255
0
89.7106
0
0
0
0
0
0
0
0
0
0
0
40.8508
226.296
234.121
255
0
151.175
0
35.952
233.595
0
224.604
63.0463
0
120.698
106.335
125.66
125.676
124.672
125.544
126.81
127.23
127.494
127.49
127.488
127.497
122.966
80.2974
255
250.588
77.6974
0
0
127.964
115.072
255
0
0
0
0
0
0
0
0
0
0
0
0
0
0
49.2527
0
0
41.4177
255
62.317
140.324
255
255
0
255
255
255
255
255
255
255
255
255
255
255
255
255
255
255
139.199
255
255
0
255
255
255
255
53.4968
255
255
219.477
145.695
157.24
130.28
131.962
129.672
129.707
129.868
128.981
129.291
128.321
127.989
0
0
0
222.311
197.988
229.519
0
255
255
135.765
0
0
0
0
0
0
0
0
0
0
0
0
0
0
77.4733
227.398
67.9202
255
255
255
0
255
255
255
255
255
255
255
255
255
255
255
255
255
255
255
243.666
157.922
255
0
79.1888
255
3.59268
20.3167
0
255
255
255
0
255
255
127.368
127.315
127.415
127.384
127.366
127.482
127.493
127.49
127.483
127.495
127.494
255
0
255
99.5986
255
255
0
0
255
255
255
255
255
244.089
255
255
255
255
255
255
255
255
197.78
185.061
206.594
255
255
255
255
192.368
157.762
0
0
152.535
255
255
0
0
0
0
0
0
0
0
0
0
18.3318
0
255
255
0
255
0
45.7304
0
255
255
0
181.016
28.0025
50.3708
255
255
255
255
255
255
255
255
203.291
234.628
255
0
0
255
3.03872
255
0
255
25.1458
255
255
255
255
255
255
255
255
255
255
255
255
255
255
255
255
0
234.457
255
94.0393
186.191
255
255
211.14
255
0
0
255
0
255
255
255
255
255
255
255
255
255
166.363
201.249
0
255
0
255
255
255
0
0
0
0
162.106
0
255
0
0
0
0
0
0
0
0
0
0
0
111.383
244.434
0
0
30.6966
255
0
0
0
158.763
0
66.2906
0
211.838
220.433
255
255
255
255
255
255
255
255
255
0
0
0
48.2604
0
0
255
0
0
255
255
0
255
255
255
255
255
255
255
255
255
255
255
255
0
131.081
90.6267
255
224.67
231.663
232.621
206.254
0
82.708
0
127.014
210.066
0
0
0
0
0
0
0
0
0
0
0
0
12.3488
255
115.269
255
255
200.013
255
232.702
255
255
255
255
255
255
255
255
255
255
255
255
255
255
255
0
50.0826
255
92.7399
0
0
255
0
127.736
73.0291
0
0
0
255
255
255
255
255
255
255
255
255
255
255
46.2526
108.596
51.8867
101.332
72.2114
177.037
172.976
225.539
189.995
255
0
122.176
0
0
7.40901
14.5217
36.7872
84.7592
102.035
122.163
123.589
122.583
123.276
120.816
97.8804
255
234.08
255
255
255
255
255
255
255
255
255
0
255
255
255
255
255
255
255
255
255
255
255
0
0
255
255
0
255
76.1142
255
255
255
211.402
255
255
0
0
0
0
0
0
0
0
0
0
0
94.8049
154.948
201.181
0
131.999
0
0
55.1844
255
0
0
255
44.9825
0
0
0
0
0
0
0
0
0
0
0
127.15
193.958
202.582
255
255
0
0
0
144.755
255
0
151.691
137.185
255
255
255
255
255
255
255
255
255
255
255
212.373
97.8325
10.1616
26.2063
255
119.963
99.1661
0
255
0
255
159.795
226.76
122.612
125.033
125.198
125.375
123.498
122.341
126.846
126.439
126.431
125.442
123.772
107.511
255
86.1871
255
0
255
198.417
255
165.626
0
0
255
168.166
0
0
0
0
0
0
0
0
0
0
0
255
16.8947
199.076
0
97.7502
255
255
0
255
29.6734
255
179.722
0
255
255
255
255
255
255
255
255
255
255
255
0
0
0
255
255
255
255
255
255
50.8054
189.523
235.371
255
0
0
0
0
0
0
0
0
0
0
0
213.882
83.7448
48.4318
0
0
0
117.408
216.224
255
255
255
0
255
193.933
196.304
233.73
255
255
190.935
161.344
177.533
162.149
159.273
150.139
0
92.8095
255
238.438
49.0691
186.559
0
179.387
255
255
0
0
136.445
0
0
0
0
0
0
0
0
0
0
0
175.856
0
185.421
0
0
211.064
0
0
0
55.5169
0
0
0
0
0
0
0
3.98944
0
0
0
0
0
0
1.58753
255
255
255
255
255
255
255
6.22934
255
255
255
255
255
255
255
255
255
255
255
255
255
255
255
121.772
255
159.982
0
0
23.2302
0
255
24.6619
0
42.4131
255
0
0
0
0
0
0
0
0
0
0
0
0
208.692
255
255
160.464
0
255
255
255
215.584
0
0
255
255
255
255
255
255
255
255
255
255
255
255
255
47.9444
53.0679
27.4158
159.37
255
255
255
255
255
0
219.054
255
255
81.3812
105.179
93.3095
101.076
104.833
93.3101
63.8931
110.535
101.647
124.319
127.298
0
225.354
255
203.117
139.568
255
0
0
202.965
0
0
0
255
255
237.659
190.411
128.888
128.615
129.019
128.746
128.127
127.932
128.166
127.858
0
163.477
255
188.503
255
255
255
205.405
255
255
255
255
255
255
255
255
255
255
255
255
255
255
255
255
210.945
255
0
50.9942
255
0
0
0
0
0
0
0
0
255
255
255
255
255
255
255
255
255
255
255
139.667
0
35.8777
0
0
0
0
0
0
21.6734
27.3779
255
171.333
0
0
0
73.9423
126.253
126.036
125.777
127.474
127.485
127.473
127.447
255
207.108
255
0
0
0
1.49145
255
255
255
0
255
255
255
244.956
255
193.383
163.981
184.639
139.241
131.334
130.078
128.487
129.269
240.506
0
181.938
255
255
186.841
215.495
0
214.916
0
255
114.105
0
245.844
255
255
255
255
255
255
255
255
255
255
84.0502
54.0961
188.441
210.925
0
255
0
0
0
0
255
4.47419
255
0
0
0
0
0
0
0
0
0
0
0
136.799
0
255
255
255
161.918
255
255
255
255
255
255
65.4081
255
192.116
131.867
128.543
128.262
128.636
129.577
128.93
129.626
127.653
127.62
169.999
0
0
0
13.7462
0
123.849
255
0
255
140.931
0
0
60.8788
23.3002
1.20564
111.111
104.383
94.9318
83.1069
99.407
97.4937
109.575
103.113
83.3865
255
0
0
8.70646
3.86407
0
0
0
0
0
0
0
0
0
0
0
0
0
0
0
12.1019
0
0
0
48.5417
61.0061
255
144.249
255
0
255
255
0
177.604
255
255
48.0716
10.2756
104.91
89.1601
56.6335
29.065
112.88
115.3
107.077
112.551
105.697
0
133.965
68.255
0
228.533
0
255
0
0
255
0
0
38.2945
0
0
0
0
0
0
0
0
0
0
0
255
131.647
29.4596
86.6377
0
0
0
0
243.662
155.994
0
45.0468
0
0
0
0
0
0
53.6995
108.636
93.2301
120.152
117.213
125.029
96.0083
255
0
255
255
255
0
0
0
0
0
60.0188
255
0
0
0
0
0
0
0
0
0
0
0
184.018
174.927
255
255
0
0
255
255
13.4128
78.3129
255
11.0545
0
255
255
255
255
255
255
255
255
255
255
255
191.211
255
194.939
255
153.073
210.729
138.834
16.206
0
255
255
255
0
0
0
29.6005
0
0
0
0
0
0
0
0
183.257
0
188.596
255
131.017
0
0
255
0
57.4257
0
255
255
0
0
0
0
0
0
0
0
0
0
0
216.301
232.136
255
255
33.8537
12.675
0
116.783
255
0
0
0
0
0
0
0
20.5648
57.8681
112.047
123.035
124.355
122.759
123.221
126.555
87.1309
54.9278
0
64.0759
169.68
195.011
0
12.1629
255
0
0
0
0
42.1511
108.39
113.239
111.851
105.556
93.6505
86.7042
108.542
92.3008
69.4065
78.7462
255
0
255
0
142.01
154.135
111.02
0
34.0695
0
0
0
177.533
147.336
134.3
133.333
133.441
134.399
134.991
131.818
133.977
135.909
128.255
128.113
255
56.0498
0
255
255
117.31
79.6189
0
255
255
255
0
0
178.525
158.162
152.563
135.78
135.336
128.709
128.438
127.692
127.66
127.781
127.951
120.088
0
111.086
255
186.289
0
255
255
0
255
0
255
255
255
255
255
255
255
197.404
255
255
255
255
255
255
0
255
126.435
0
255
0
120.926
255
0
255
142.641
73.6722
255
255
227.807
232.084
255
255
255
255
215.597
239.193
255
255
0
0
242.483
180.064
255
54.2074
255
0
0
0
209.241
255
0
0
38.4864
23.8404
43.5323
69.6143
39.6794
65.9824
77.6386
73.8072
97.8948
44.9593
255
255
205.706
255
248.854
172.164
0
0
255
255
251.077
201.35
208.798
213.29
235.049
255
255
255
255
255
255
255
255
0
0
0
8.03259
79.9234
255
0
255
249.844
0
255
255
48.6624
17.5579
17.9505
124.041
121.251
115.127
114.056
113.322
103.045
88.2858
84.2939
41.7096
1.45378
77.2054
0
0
0
0
0
0
145.446
0
0
0
0
0
0
34.5053
101.13
74.8384
44.4754
0
84.1431
60.4205
87.8756
66.3734
163.514
0
0
255
95.0431
0
0
0
0
255
0
0
0
0
0
0
0
0
0
0
0
0
0
0
184.309
255
0
93.383
193.338
0
255
255
255
0
206.827
0
0
0
0
0
0
0
0
0
0
0
0
0
154.892
0
0
0
36.5152
0
0
52.3441
0
0
0
0
0
0
0
0
0
0
0
0
0
0
0
0
79.4989
46.3304
0
0
255
255
255
0
255
39.9494
0
0
255
0
69.5821
23.2386
87.1035
85.1541
74.701
33.6519
43.4028
4.7115
32.7519
66.1611
255
137.607
0
12.2783
0
9.72672
240.908
0
255
195.049
200.968
131.074
0
255
255
255
255
255
255
255
255
215.521
159.575
166.027
255
255
0
255
0
255
255
220.969
255
97.4254
73.7052
255
255
255
255
255
255
255
255
255
255
255
255
255
0
0
150.857
0
128.657
255
0
0
255
192.433
134.833
0
77.9958
0
0
0
0
0
0
30.024
0
59.5887
95.9292
97.725
67.7652
148.893
0
207.769
161.611
0
92.741
255
162.627
0
34.2032
219.905
0
0
0
0
0
0
0
0
0
0
0
0
0
194.936
0
0
0
168.309
255
255
47.5925
0
255
97.9006
255
255
255
255
255
255
255
255
255
255
255
255
0
255
120.207
255
255
76.7955
173.788
109.365
255
81.9411
255
183.88
255
181.201
168.359
208.956
205.1
210.592
177.63
145.656
159.51
137.758
142.814
134.462
255
103.669
0
255
255
227.082
255
255
0
33.5383
116.335
0
255
255
179.154
178.961
167.784
140.323
134.46
138.904
130.654
131.473
130.769
133.954
76.3222
166.316
49.2784
132.514
119.673
255
255
255
35.8535
108.901
255
255
255
242.287
225.694
253.093
255
255
255
255
255
255
255
255
255
255
255
255
0
37.1028
0
84.6225
255
0
0
0
0
0
0
0
0
0
0
0
0
0
0
0
115.187
0
95.4762
0
158.119
166.149
255
168.953
255
73.1349
107.474
255
0
0
0
0
0
0
0
0
0
0
0
0
255
255
153.251
255
0
255
255
255
255
35.2891
197.264
255
255
255
255
255
205.03
151.729
165.828
155.583
145.367
130.771
131.972
131.952
5.10949
165.67
0
0
0
84.6749
0
255
161.437
255
183.19
0
0
207.581
190.431
169.073
168.682
178.962
133.462
133.306
132.61
134.021
138.235
143.911
74.6032
197.667
0
255
222.942
255
0
103.284
215.265
0
0
255
255
0
0
0
87.3846
124.43
122.684
119.546
121.478
126.048
126.864
127.476
0
0
0
114.146
255
113.414
0
0
0
0
0
0
0
32.9985
68.8508
104.338
101.183
113.934
124.453
125.206
127.224
127.27
127.081
126.937
255
255
255
22.4804
0
255
0
27.248
255
255
115.57
255
255
120.859
121.624
125.817
125.972
126.248
125.955
124.884
123.07
120.572
115.101
116.166
113.441
0
255
255
255
117.584
229.628
0
61.1457
255
0
248.916
255
255
255
255
255
255
255
255
255
255
255
255
255
0
30.4848
255
0
0
0
0
124.212
0
76.5115
255
53.3057
255
255
255
255
255
255
255
255
255
255
255
0
0
255
255
90.1328
250.259
255
255
255
255
255
255
255
255
255
255
255
255
255
255
255
255
255
255
0
0
0
255
255
0
0
255
255
0
0
0
0
0
0
48.0281
0
91.3012
126.334
127.133
126.873
126.343
126.587
125.888
255
255
0
0
255
0
255
255
255
255
255
255
255
255
255
255
255
255
255
255
255
255
255
255
0
255
0
255
255
0
255
0
191.711
255
255
255
0
0
0
0
0
0
0
0
0
0
0
0
155.596
0
255
0
255
0
0
0
255
0
0
0
0
0
0
0
0
0
0
0
0
87.947
71.2508
17.2201
255
0
0
255
0
22.2078
24.7949
0
94.6341
0
0
0
198.273
255
255
255
255
255
255
255
255
255
255
255
7.54264
0
255
255
0
255
255
255
0
255
255
255
255
255
255
255
255
255
255
255
255
255
255
255
255
168.385
137.29
255
255
146.685
190.104
255
0
0
255
255
36.7065
0
0
0
0
0
0
0
0
0
0
0
0
0
0
16.1754
255
0
249.128
0
255
23.3077
93.6658
0
5.84561
255
255
255
255
255
255
255
255
255
255
255
0
107.268
0
0
255
194.73
255
0
0
255
0
46.0787
0
45.3394
0
30.8122
0
44.9297
0.110855
96.1609
85.2619
77.7277
45.9901
92.9068
0
5.14429
133.63
255
255
0
0
255
255
199.753
102.419
255
255
255
255
255
245.068
201.82
219.557
255
255
255
255
255
255
0
255
197.903
216.16
255
255
255
177.152
116.886
255
107.747
52.9736
0
0
0
0
0
0
0
0
0
0
51.3419
181.285
47.1081
162.464
255
255
255
255
255
255
255
255
255
255
255
255
255
255
255
255
255
255
255
255
255
174.052
100.505
254.456
0
54.4198
255
255
255
255
162.32
130.761
255
0
255
255
230.537
170.108
139.635
142.053
148.87
162.099
155.004
165.26
170.503
255
255
255
169.48
232.235
124.761
255
228.432
255
255
255
224.048
255
255
255
255
255
255
255
255
255
255
255
255
0
0
25.4006
0
0
255
255
0
255
255
0
0
255
86.3446
96.8167
73.3706
39.6197
111.437
98.5512
81.0556
58.2895
74.3818
65.003
60.4003
228.26
42.3501
255
27.9695
255
239.291
150.629
0
203.165
255
248.584
255
0
0
0
0
0
0
0
0
0
0
0
0
0
0
0
71.3018
0
0
24.3159
255
159.171
100.631
223.399
116.446
255
0
0
0
0
0
0
0
0
0
0
0
0
79.8756
255
255
0
0
0
255
0
0
0
255
0
0
0
0
0
0
0
0
0
0
2.12008
78.8221
255
0
156.956
182.953
255
103.075
255
70.3331
0
255
255
0
0
255
255
255
255
255
255
255
255
255
255
255
255
255
255
29.237
255
197.077
0
0
255
36.3159
0
169.781
0
255
255
255
255
255
255
255
255
255
255
214.757
255
0
0
0
16.3811
0
0
0
0
30.0761
0
0
0
255
255
255
255
255
255
255
255
255
255
255
158.285
0
0
255
0
96.2932
255
0
118.362
209.552
255
255
255
255
255
211.401
255
255
255
255
255
255
255
255
0
255
255
24.1236
140.231
0
255
0
255
255
255
255
255
255
255
255
255
255
255
255
255
255
255
255
118.144
217.824
0
255
83.3399
43.9706
0
255
255
255
255
255
255
255
255
255
255
255
255
255
255
255
255
255
134.649
255
255
70.2591
255
17.721
255
130.582
0
0
211.901
255
0
255
255
255
255
255
255
255
255
255
255
255
0
0
0
0
174.011
156.803
255
255
217.071
0
70.0154
0
255
0
0
0
0
0
0
0
0
0
0
0
66.2593
0
0
0
255
0
255
0
41.6781
0
102.927
201.132
255
255
255
255
255
255
255
255
255
255
255
255
0
0
255
0
17.3043
39.491
217.603
216.52
0
0
187.039
0
0
0
0
0
0
0
0
0
0
0
0
0
0
0
0
45.6808
117.176
181.047
0
112.341
54.5084
84.2518
0
255
49.2099
255
230.264
227.18
255
255
255
250.308
211.441
143.354
135.872
143.593
255
255
0
0
0
189.201
0
0
0
0
0
0
0
11.3548
69.7824
18.8841
66.8033
91.0898
116.996
114.85
107.543
125.397
124.603
123.774
0
255
158.577
0
0
46.2348
255
186.564
255
1.77815
106.611
0
255
92.565
94.7951
62.7251
115.81
126.73
126.673
126.232
126.188
125.878
124.654
124.437
0
234.136
140.582
255
40.3521
255
255
255
0
190.797
255
255
255
255
255
255
255
255
255
255
255
255
255
255
234.347
0
0
255
182.186
20.0482
50.5457
4.84688
0
41.5486
255
255
255
0
0
0
6.22344
55.865
118.759
115.414
113.629
113.257
123.656
120.203
215.366
141.552
34.8796
243.12
255
255
255
255
255
255
255
255
255
255
255
255
255
255
255
255
255
255
255
255
255
0
255
0
164.183
255
255
0
255
255
255
255
255
255
251.25
255
255
255
255
255
255
255
255
255
255
255
255
94.5164
255
255
0
255
255
255
255
255
255
255
255
255
255
255
255
255
255
255
255
255
83.1955
0
73.9129
176.242
0
210.042
0
26.3665
24.3267
0
0
0
255
255
255
255
255
255
255
255
255
255
255
255
255
71.8035
255
255
75.6001
255
93.1618
61.4762
83.8991
39.0511
255
156.778
255
255
255
255
255
255
255
255
255
255
255
255
255
28.0332
0
195.707
255
0
255
255
0
0
255
255
0
123.076
127.26
127.203
127.206
127.301
127.265
127.388
127.353
127.266
127.09
127.06
24.6203
255
201.133
123.994
143.346
255
0
212.146
0
17.5695
0
0
0
169.209
142.382
146.721
134.2
140.091
143.354
146.275
135.786
127.814
127.858
127.647
0
0
0
255
0
170.569
57.2745
0
255
0
255
72.4443
0
255
255
255
255
255
255
255
255
255
255
255
255
73.4007
183.566
255
255
255
0
0
255
182.338
161.172
255
105.351
255
255
255
255
255
255
255
255
255
255
255
240.333
255
0
0
255
186.805
0
0
0
140.593
0
96.5324
255
0
0
35.205
75.2126
97.2964
98.9379
107.651
91.2522
96.6272
113
109.122
203.672
255
99.4523
0
255
88.3372
90.5927
255
134.542
0
160.522
121.212
255
255
255
255
255
255
255
255
255
255
255
255
255
0
255
255
255
255
255
255
255
0
255
144.418
121.645
132.829
130.65
133.053
131.891
131.467
132.269
131.059
131.578
129.302
129.514
129.076
194.566
255
242.115
0
0
244.267
255
140.654
255
255
179.823
127.213
255
196.038
250.314
177.389
192.463
248.06
248.454
255
255
255
255
255
255
132.914
0
255
255
255
255
184.096
158.429
0
255
255
255
255
255
255
255
255
255
255
255
255
255
255
0
37.7804
255
255
0
0
255
80.453
0
59.7841
0
0
71.8048
0
0
0
0
0
0
0
0
0
0
0
226.197
189.731
0
150.929
0
0
66.4531
255
105.027
255
0
0
0
0
0
0
0
0
0
42.4402
123.684
122.985
126.79
127.221
0
0
142.209
0
255
255
145.758
0
255
255
151.633
139.344
151.597
255
255
255
255
255
255
255
255
255
255
255
255
140.806
0
255
169.078
0
0
83.7174
0
255
0
0
0
0
0
0
0
0
0
0
0
0
0
0
0
0
130.03
0
43.8832
170.961
0
255
150.421
0
0
86.7896
109.213
230.12
133.593
137.545
128.569
129.636
130.56
133.524
137.322
127.779
127.781
127.563
96.2393
255
84.67
0
255
0
255
255
255
255
15.2606
88.8355
0
0
0
0
0
0
52.2596
13.7255
25.359
0
0
0
255
0
22.9281
255
0
255
147.751
0
122.839
0
190.829
164.498
135.396
255
255
250.291
255
255
255
197.383
246.518
143.823
146.225
142.258
0
0
255
0
255
55.6032
0
217.783
205.139
0
132.782
255
255
187.001
206.778
144.899
138.751
141.643
145.821
149.58
130.231
131.606
134.615
130.857
44.3305
0
255
55.6515
113.416
163.438
68.9986
255
255
186.136
0
26.9273
255
255
241.542
255
255
255
243.826
255
255
228.575
255
233.663
255
255
60.7351
117.265
67.1289
107.798
207.995
254.085
101.983
0
255
255
255
255
255
255
255
255
255
255
255
255
255
255
255
255
0
0
255
255
255
255
255
253.207
0
225.128
255
0
0
0
0
0
0
0
0
0
0
0
255
0
124.247
0
0
0
0
248.416
1.07729
215.348
208.1
0
255
255
255
255
255
255
255
255
255
255
255
255
255
0
148.268
240.996
253.102
184.152
54.6444
0
0
0
0
0
255
0
0
0
0
0
0
0
0
0
0
0
185.158
0
98.5353
0
255
255
0
0
255
0
255
0
0
255
194.108
182.389
155.99
137.163
136.023
139.492
129.073
127.985
127.699
127.794
125.682
255
17.6014
25.4022
85.2395
206.868
0
0
87.7866
180.014
0
255
227.52
255
255
255
255
255
255
255
255
255
255
255
255
76.6065
0
0
0
22.8154
0
255
255
54.4245
227.608
40.0952
255
255
255
255
255
214.798
215.696
202.102
197.892
159.146
168.269
156.749
255
152.835
255
6.99651
90.1924
255
142.938
0
18.4984
108.394
103.381
255
255
35.5059
91.4887
103.436
112.992
119.948
123.951
122.84
121.632
127.213
127.123
127.445
255
0
0
0
0
0
0
0
0
54.4882
0
11.5916
0
222.477
242.22
224.804
196.413
182.043
209.576
255
161.795
130.106
132.313
133.858
56.273
0
68.5742
255
0
255
255
250.438
255
76.3731
0
164.376
0
139.541
137.48
140.489
142.97
131.167
131.752
131.028
131.157
130.35
129.934
129.535
0
18.7459
46.7422
0
0
0
253.625
0
255
0
0
0
15.0839
0
0
27.4435
23.8541
0
21.1075
28.5365
4.97868
88.1575
95.0995
105.626
168.054
199.516
255
0
87.5354
0
0
0
255
255
0
0
219.018
0
0
0
0
0
0
0
0
0
0
0
255
0
0
0
0
0
0
0
0
0
0
96.892
27.0915
46.6004
11.9801
0
0
41.7601
0
20.9913
0
56.3371
39.2403
90.3264
33.4121
0
255
14.4447
0
0
255
55.5406
0
234.725
0
38.8693
0
2.20142
14.3644
0
0
0
0
0
8.65505
0
0
0
0
210.79
255
244.84
255
117.724
255
255
255
255
138.154
255
0
59.687
2.30573
18.2114
0
79.4281
109.438
105.175
102.706
107.331
92.669
100.511
202.714
0
105.73
255
255
24.9136
7.77814
30.318
0
101.788
91.9571
0
0
0
0
88.3322
95.4461
123.262
119.778
114.705
119.474
122.88
124.138
126.69
